# Created by Octave 3.6.4, Mon Dec 09 17:31:56 2013 CET <brennmat@wut-brennwald.eawag.wroot.emp-eaw.ch>
# name: conc
# type: struct
# ndims: 2
 30 1
# length: 10
# name: He
# type: cell
# rows: 30
# columns: 1
# name: <cell-element>
# type: scalar struct
# ndims: 2
 1 1
# length: 2
# name: val
# type: scalar
4.698920618086291e-08


# name: err
# type: scalar
4.721976274428902e-10




# name: <cell-element>
# type: scalar struct
# ndims: 2
 1 1
# length: 2
# name: val
# type: scalar
4.771057842253168e-08


# name: err
# type: scalar
4.74417737510798e-10




# name: <cell-element>
# type: scalar struct
# ndims: 2
 1 1
# length: 2
# name: val
# type: scalar
5.650259012818995e-08


# name: err
# type: scalar
5.671054753622293e-10




# name: <cell-element>
# type: scalar struct
# ndims: 2
 1 1
# length: 2
# name: val
# type: scalar
5.208808688691052e-08


# name: err
# type: scalar
5.098098377357656e-10




# name: <cell-element>
# type: scalar struct
# ndims: 2
 1 1
# length: 2
# name: val
# type: scalar
5.395461223638257e-08


# name: err
# type: scalar
5.414337062829498e-10




# name: <cell-element>
# type: scalar struct
# ndims: 2
 1 1
# length: 2
# name: val
# type: scalar
5.241201516657369e-08


# name: err
# type: scalar
5.318799895238531e-10




# name: <cell-element>
# type: scalar struct
# ndims: 2
 1 1
# length: 2
# name: val
# type: scalar
5.23893439973531e-08


# name: err
# type: scalar
5.197035978774357e-10




# name: <cell-element>
# type: scalar struct
# ndims: 2
 1 1
# length: 2
# name: val
# type: scalar
7.519087770862847e-08


# name: err
# type: scalar
7.515220825386943e-10




# name: <cell-element>
# type: scalar struct
# ndims: 2
 1 1
# length: 2
# name: val
# type: scalar
4.930906484927012e-08


# name: err
# type: scalar
4.949816497730966e-10




# name: <cell-element>
# type: scalar struct
# ndims: 2
 1 1
# length: 2
# name: val
# type: scalar
4.990198770401769e-08


# name: err
# type: scalar
5.069674483654428e-10




# name: <cell-element>
# type: scalar struct
# ndims: 2
 1 1
# length: 2
# name: val
# type: scalar
5.290475683396151e-08


# name: err
# type: scalar
5.374753168274576e-10




# name: <cell-element>
# type: scalar struct
# ndims: 2
 1 1
# length: 2
# name: val
# type: scalar
7.266215938618602e-08


# name: err
# type: scalar
7.284767817279875e-10




# name: <cell-element>
# type: scalar struct
# ndims: 2
 1 1
# length: 2
# name: val
# type: scalar
7.027906065251814e-08


# name: err
# type: scalar
7.197398606800737e-10




# name: <cell-element>
# type: scalar struct
# ndims: 2
 1 1
# length: 2
# name: val
# type: scalar
5.498057612497138e-08


# name: err
# type: scalar
5.462487444053652e-10




# name: <cell-element>
# type: scalar struct
# ndims: 2
 1 1
# length: 2
# name: val
# type: scalar
4.780223941006103e-08


# name: err
# type: scalar
4.774294460218602e-10




# name: <cell-element>
# type: scalar struct
# ndims: 2
 1 1
# length: 2
# name: val
# type: scalar
6.320433845887914e-08


# name: err
# type: scalar
6.466232242087155e-10




# name: <cell-element>
# type: scalar struct
# ndims: 2
 1 1
# length: 2
# name: val
# type: scalar
4.734004923404361e-08


# name: err
# type: scalar
4.781021716724942e-10




# name: <cell-element>
# type: scalar struct
# ndims: 2
 1 1
# length: 2
# name: val
# type: scalar
5.351716168607958e-08


# name: err
# type: scalar
5.293780930705226e-10




# name: <cell-element>
# type: scalar struct
# ndims: 2
 1 1
# length: 2
# name: val
# type: scalar
5.515925470472795e-08


# name: err
# type: scalar
5.580484932117926e-10




# name: <cell-element>
# type: scalar struct
# ndims: 2
 1 1
# length: 2
# name: val
# type: scalar
6.325435653746857e-08


# name: err
# type: scalar
6.218724214056114e-10




# name: <cell-element>
# type: scalar struct
# ndims: 2
 1 1
# length: 2
# name: val
# type: scalar
6.705656949013548e-08


# name: err
# type: scalar
6.790123405347978e-10




# name: <cell-element>
# type: scalar struct
# ndims: 2
 1 1
# length: 2
# name: val
# type: scalar
5.102983684409967e-08


# name: err
# type: scalar
5.072567870232018e-10




# name: <cell-element>
# type: scalar struct
# ndims: 2
 1 1
# length: 2
# name: val
# type: scalar
6.496069999064349e-08


# name: err
# type: scalar
6.568653384542927e-10




# name: <cell-element>
# type: scalar struct
# ndims: 2
 1 1
# length: 2
# name: val
# type: scalar
6.056245828665922e-08


# name: err
# type: scalar
5.969080692360717e-10




# name: <cell-element>
# type: scalar struct
# ndims: 2
 1 1
# length: 2
# name: val
# type: scalar
5.981880654850652e-08


# name: err
# type: scalar
5.896855390714326e-10




# name: <cell-element>
# type: scalar struct
# ndims: 2
 1 1
# length: 2
# name: val
# type: scalar
5.907126659693346e-08


# name: err
# type: scalar
5.881375440617099e-10




# name: <cell-element>
# type: scalar struct
# ndims: 2
 1 1
# length: 2
# name: val
# type: scalar
4.499444562111397e-08


# name: err
# type: scalar
4.476043625341379e-10




# name: <cell-element>
# type: scalar struct
# ndims: 2
 1 1
# length: 2
# name: val
# type: scalar
5.088706030716461e-08


# name: err
# type: scalar
5.091394252792585e-10




# name: <cell-element>
# type: scalar struct
# ndims: 2
 1 1
# length: 2
# name: val
# type: scalar
7.271173247006501e-08


# name: err
# type: scalar
7.4181952783289e-10




# name: <cell-element>
# type: scalar struct
# ndims: 2
 1 1
# length: 2
# name: val
# type: scalar
5.186056938629171e-08


# name: err
# type: scalar
5.193217687070567e-10







# name: Ne
# type: cell
# rows: 30
# columns: 1
# name: <cell-element>
# type: scalar struct
# ndims: 2
 1 1
# length: 2
# name: val
# type: scalar
2.075818531007816e-07


# name: err
# type: scalar
2.062984508037898e-09




# name: <cell-element>
# type: scalar struct
# ndims: 2
 1 1
# length: 2
# name: val
# type: scalar
2.046376962605255e-07


# name: err
# type: scalar
2.046378874310609e-09




# name: <cell-element>
# type: scalar struct
# ndims: 2
 1 1
# length: 2
# name: val
# type: scalar
2.250605098824852e-07


# name: err
# type: scalar
2.263979863233927e-09




# name: <cell-element>
# type: scalar struct
# ndims: 2
 1 1
# length: 2
# name: val
# type: scalar
2.2268191611907e-07


# name: err
# type: scalar
2.219947125605174e-09




# name: <cell-element>
# type: scalar struct
# ndims: 2
 1 1
# length: 2
# name: val
# type: scalar
2.137819858663753e-07


# name: err
# type: scalar
2.155914522025067e-09




# name: <cell-element>
# type: scalar struct
# ndims: 2
 1 1
# length: 2
# name: val
# type: scalar
2.496581817382706e-07


# name: err
# type: scalar
2.509058899883698e-09




# name: <cell-element>
# type: scalar struct
# ndims: 2
 1 1
# length: 2
# name: val
# type: scalar
2.185132398393761e-07


# name: err
# type: scalar
2.189029268810478e-09




# name: <cell-element>
# type: scalar struct
# ndims: 2
 1 1
# length: 2
# name: val
# type: scalar
3.062585391018084e-07


# name: err
# type: scalar
3.079941771270177e-09




# name: <cell-element>
# type: scalar struct
# ndims: 2
 1 1
# length: 2
# name: val
# type: scalar
2.251248203859042e-07


# name: err
# type: scalar
2.26215858776635e-09




# name: <cell-element>
# type: scalar struct
# ndims: 2
 1 1
# length: 2
# name: val
# type: scalar
2.032109255228143e-07


# name: err
# type: scalar
2.008337886389133e-09




# name: <cell-element>
# type: scalar struct
# ndims: 2
 1 1
# length: 2
# name: val
# type: scalar
2.602553017243884e-07


# name: err
# type: scalar
2.56682295841407e-09




# name: <cell-element>
# type: scalar struct
# ndims: 2
 1 1
# length: 2
# name: val
# type: scalar
3.462041677488465e-07


# name: err
# type: scalar
3.449658238951968e-09




# name: <cell-element>
# type: scalar struct
# ndims: 2
 1 1
# length: 2
# name: val
# type: scalar
3.246568944361724e-07


# name: err
# type: scalar
3.260572421484806e-09




# name: <cell-element>
# type: scalar struct
# ndims: 2
 1 1
# length: 2
# name: val
# type: scalar
2.50437152736781e-07


